@Tamano: 500 x 500
@Numero edificios: 300

@Direccion;BC;IP;OP
A249C411;21;43;14613
A235C186;78;40;23683
A105C300;70;33;39573
A61C165;24;37;41987
A129C78;20;44;18349
A209C136;94;14;30040
A137C301;18;28;7249
A415C66;49;45;44659
A479C388;83;15;31205
A109C110;30;20;41542
A349C211;21;28;24640
A419C362;83;40;35473
A149C281;71;23;23626
A325C323;67;12;38385
A441C464;49;11;48391
A463C62;94;13;23597
A351C96;15;10;5329
A261C398;31;27;31328
A431C326;69;11;17430
A191C26;26;9;34035
A287C25;6;33;5897
A383C438;12;40;24376
A257C29;10;10;37038
A101C266;4;31;36764
A21C93;99;28;41231
A239C89;34;16;5285
A1C361;53;33;9963
A259C343;92;14;48831
A23C338;47;38;4925
A153C133;14;18;48700
A87C32;81;21;32378
A413C85;45;19;28317
A229C255;28;23;45890
A33C376;1;29;44429
A395C257;23;11;35982
A269C47;28;46;28501
A461C136;98;11;38320
A413C458;94;43;31481
A35C141;28;39;48575
A85C114;24;26;42967
A85C416;64;23;30000
A89C290;59;33;13508
A203C193;82;13;40129
A145C474;53;22;12127
A251C239;77;34;26693
A289C283;59;11;34782
A9C251;6;16;17006
A215C236;74;42;27460
A467C155;21;14;5121
A21C340;79;16;6049
A341C19;23;13;29157
A185C444;18;32;18295
A451C67;32;15;44592
A273C481;75;14;9190
A457C200;57;17;20593
A315C425;11;10;6561
A431C148;48;25;18989
A43C42;53;39;29885
A365C232;15;37;46102
A383C365;60;35;38371
A315C89;28;24;39478
A1C88;48;16;10446
A225C222;29;39;19120
A37C321;83;47;29507
A289C245;24;40;18713
A351C449;63;32;23898
A77C14;55;18;43528
A363C79;87;16;34551
A123C108;23;33;45175
A163C68;39;39;22953
A319C20;30;46;17156
A23C244;32;10;41755
A259C447;67;10;10830
A235C196;50;9;49549
A337C76;79;13;42549
A469C135;75;29;48348
A391C467;54;39;24546
A331C458;21;28;36852
A293C19;20;10;25358
A367C488;91;40;16873
A429C12;51;9;14878
A211C140;89;37;47216
A485C335;16;29;46937
A123C337;74;45;20471
A35C423;28;15;9778
A251C75;2;47;5829
A225C42;8;24;47777
A377C107;67;46;8476
A49C185;67;29;49078
A53C275;41;33;16215
A469C149;85;44;42058
A31C392;80;16;12200
A213C470;83;30;47682
A405C8;99;12;4460
A351C46;72;26;30113
A489C315;25;11;7142
A447C399;91;8;47517
A51C85;39;43;28364
A93C441;37;38;14702
A263C358;31;10;45835
A377C321;92;17;45535
A175C304;84;40;34259
A231C185;81;12;6388
A293C124;25;35;12967
A49C308;92;42;37437
A487C30;63;13;24804
A163C26;94;33;16135
A343C278;91;20;17891
A93C404;89;13;31461
A259C21;45;28;43917
A241C103;97;13;5652
A341C486;26;31;21550
A167C106;60;44;28671
A255C400;23;43;29446
A371C228;32;24;12425
A341C475;64;24;34691
A365C460;14;25;34985
A39C322;69;20;47933
A485C437;61;34;40014
A383C257;16;14;19065
A95C275;12;17;37210
A25C108;10;33;19114
A225C43;30;21;10460
A65C497;40;17;23700
A77C355;1;43;8899
A361C269;63;43;46943
A277C148;24;10;43087
A79C495;73;21;32235
A29C53;94;21;40849
A393C200;62;13;12834
A181C98;48;13;4452
A393C173;45;37;24789
A115C177;22;37;42153
A363C462;86;40;28216
A205C185;24;8;48688
A39C267;99;23;45265
A47C168;73;26;42625
A281C398;93;13;38797
A219C33;48;37;27445
A5C52;59;27;14450
A139C39;17;21;44917
A351C309;24;9;44509
A169C331;65;8;26265
A161C170;74;8;5498
A383C349;12;35;20238
A347C459;75;43;29426
A293C338;57;18;15875
A397C165;12;24;24467
A479C32;8;20;40357
A93C218;42;30;7584
A393C381;25;37;17258
A67C195;52;17;43268
A33C374;26;22;25296
A373C84;9;31;38633
A25C387;26;42;11838
A231C436;3;36;37158
A91C444;30;15;16416
A429C149;99;17;6877
A111C246;78;29;10994
A295C450;22;9;20700
A239C465;69;14;12215
A467C74;31;32;40158
A165C74;39;23;11144
A211C356;3;31;9488
A433C493;50;19;24059
A277C389;94;11;44154
A487C403;32;9;15683
A463C54;46;31;15536
A469C28;27;42;20347
A171C154;15;33;45824
A339C106;71;33;32794
A153C377;65;23;49613
A159C350;97;36;32402
A77C483;17;40;33308
A449C433;97;35;20541
A107C312;98;39;19504
A91C233;62;30;21573
A321C396;8;18;38199
A357C206;77;34;4059
A115C193;62;28;9006
A13C416;28;26;46104
A387C455;43;30;34301
A345C491;79;33;27974
A353C414;87;14;10204
A309C219;21;22;27002
A189C424;88;14;39051
A311C447;94;38;38821
A455C146;89;15;38808
A367C9;31;16;40491
A239C168;1;13;10657
A479C123;64;19;44488
A71C17;76;42;46437
A241C184;25;24;31998
A297C320;25;33;8095
A377C207;97;29;15951
A181C112;18;9;9662
A363C26;17;38;35603
A261C430;19;13;31326
A493C357;69;32;48228
A395C292;19;27;47844
A161C394;75;19;17313
A451C336;77;28;40113
A327C88;51;12;8699
A155C446;61;23;42789
A483C51;67;47;11202
A213C357;28;27;20073
A337C297;86;47;10622
A475C180;10;23;38875
A169C116;14;18;36093
A207C310;31;42;13153
A445C25;26;46;32642
A109C458;54;15;13598
A323C113;86;47;28739
A359C26;38;26;18037
A205C406;88;16;49701
A217C382;93;46;32374
A27C259;92;45;34646
A85C152;70;23;32131
A103C493;6;9;47479
A213C464;16;28;29243
A39C339;68;36;16338
A65C16;84;13;40177
A393C124;76;39;32234
A69C77;69;46;17964
A17C379;60;28;25604
A183C258;30;44;7959
A145C84;87;33;36809
A469C189;23;15;8115
A313C162;43;27;30424
A443C236;40;40;17757
A53C144;20;46;27965
A389C231;71;26;21459
A85C112;85;24;8311
A169C472;59;18;48927
A223C377;13;33;30875
A431C420;87;20;9288
A385C51;9;31;23616
A433C209;78;18;12169
A465C31;19;33;24140
A305C164;14;18;45604
A171C184;94;14;45131
A417C497;32;31;27456
A479C378;69;46;24980
A131C496;61;40;28090
A243C418;40;12;37787
A451C117;7;36;25520
A19C137;56;30;21907
A371C175;57;15;10445
A441C233;70;43;28615
A153C383;89;40;33259
A47C51;6;46;15958
A231C224;23;31;38378
A197C280;75;31;25351
A45C91;36;33;26220
A95C398;84;38;33534
A109C181;47;23;47079
A243C207;83;12;11070
A479C405;25;17;4680
A125C160;31;21;17630
A349C346;68;21;13135
A425C144;79;10;10961
A381C169;80;32;39424
A457C444;58;37;21913
A95C152;46;34;11114
A211C435;47;15;5839
A433C107;47;46;33730
A349C313;39;9;44992
A485C330;83;36;27534
A471C245;1;18;22655
A357C342;99;44;11178
A483C33;49;8;38729
A379C268;69;11;9281
A25C190;39;22;7278
A257C181;62;20;33052
A291C174;66;20;13549
A123C324;34;38;4972
A439C296;62;25;39616
A263C429;62;14;47335
A353C385;82;32;10406
A297C41;23;24;42167
A113C333;35;35;49851
A373C17;34;34;47477
A379C7;16;11;42249
A209C296;19;28;26293
A351C465;86;42;44900
A467C274;13;28;13293
A65C496;99;34;38232
A25C399;53;31;44903
A55C405;24;39;24577
A355C214;96;14;7167
A445C433;55;29;12806
A221C388;1;13;46090
A211C269;25;32;12003
A63C173;25;16;27215
A121C310;40;12;14894
A287C124;42;44;20015
A111C205;74;39;26374
A449C173;41;43;28872
A239C421;6;25;21187
A361C412;10;23;12921
